1628
2 5357 4802
2 5121 9622
2 8148 6542
2 6404 2168
2 421 3343
2 2589 3975
2 5913 4345
2 5583 6239
2 6255 5340
2 9906 5767
2 8785 5726
2 3629 5589
2 6584 6885
2 7710 9380
2 1737 9624
2 3987 880
2 7529 9706
2 5231 1065
2 2094 2561
2 4386 2976
2 5796 2523
2 9487 2066
2 6735 2611
2 8197 3051
2 1756 3994
2 2584 3662
2 8754 3587
2 998 3752
2 2395 4062
2 6655 4746
2 2861 5274
2 6312 4932
2 59 5107
2 7923 5757
2 7569 5588
2 7704 5528
2 5515 6693
2 9612 6508
2 6632 6619
2 7444 6136
2 8873 6177
2 7262 7808
2 8452 8695
2 2489 9039
2 7796 8792
2 5905 9301
2 398 9043
2 8407 8806
2 820 9478
2 1729 9479
2 604 9685
2 6459 555
2 9004 670
2 1248 1145
2 7549 710
2 7064 934
2 4848 860
2 5886 746
2 8603 883
2 8733 1133
2 8189 1518
2 8437 1725
2 9354 2169
2 9529 1436
2 6839 2283
2 9213 2515
2 1524 2380
2 4449 2248
2 4318 2685
2 4574 2326
2 5744 2230
2 9483 2424
2 4100 3082
2 6823 2860
2 3904 2251
2 4233 3108
2 3626 3447
2 7108 2979
2 8479 3298
2 5416 2792
2 9620 2808
2 1287 3226
2 2545 3625
2 6476 4108
2 9383 3329
2 4004 4123
2 3697 4298
2 1396 4806
2 9131 3370
2 5427 4063
2 4041 4577
2 370 5135
2 973 4256
2 2061 4987
2 847 4818
2 3015 4801
2 2155 4892
2 4644 5037
2 4863 4888
2 9247 4962
2 7792 5018
2 6668 5015
2 3135 5718
2 4631 5790
2 2222 5259
2 1492 4969
2 9618 5480
2 2752 5595
2 5363 5612
2 7168 5926
2 2687 5993
2 2843 6195
2 5570 6163
2 44 5287
2 453 6257
2 2117 6593
2 8284 6440
2 1561 6120
2 7100 6125
2 461 6033
2 3505 6544
2 8775 6450
2 9765 6128
2 1423 7024
2 3295 7045
2 4036 6199
2 2932 6875
2 8287 6836
2 1385 6603
2 6640 6770
2 8004 7071
2 8854 6150
2 3273 7014
2 5616 6918
2 8591 6661
2 3715 6393
2 2345 7017
2 2096 7010
2 5918 7362
2 6639 6919
2 9813 7605
2 674 7670
2 3420 7660
2 1556 7492
2 5090 7467
2 7936 8155
2 666 7737
2 2331 7799
2 2935 8017
2 4695 7458
2 5251 7848
2 2598 8061
2 3825 8166
2 6762 8084
2 1677 8530
2 9959 7864
2 1081 7347
2 1114 8749
2 4147 8415
2 6756 8502
2 5001 8185
2 5592 8053
2 8384 8383
2 8689 8504
2 8119 8275
2 1388 8944
2 6196 8406
2 7525 8618
2 9818 8797
2 864 9121
2 5989 8773
2 683 8393
2 948 9150
2 4106 8747
2 6613 8633
2 3942 8382
2 5526 9137
2 9888 9211
2 8911 8947
2 8320 9174
2 4194 9403
2 4473 9076
2 5083 8981
2 5211 9465
2 9128 9419
2 3149 9717
2 5052 9554
2 7369 9413
2 8585 131
2 936 9754
2 2459 9240
2 2819 9370
2 7515 8
2 8777 9770
2 132 9457
2 2968 9535
2 4670 26
2 7819 9336
2 2246 9530
2 3484 54
2 7577 166
2 962 9208
2 876 9838
2 7863 9823
2 8240 203
2 8814 226
2 2723 9767
2 7939 9926
2 7368 163
2 752 605
2 8837 394
2 9256 271
2 3457 20
2 8991 966
2 110 526
2 8392 681
2 3176 527
2 7208 921
2 7290 134
2 7950 248
2 371 597
2 2196 938
2 2728 491
2 7101 519
2 684 546
2 8636 805
2 281 993
2 2212 772
2 4808 819
2 8641 830
2 9267 748
2 5791 873
2 63 994
2 2499 1005
2 6240 744
2 5602 1346
2 9614 1022
2 714 1337
2 2475 833
2 3656 1135
2 4090 1261
2 7259 587
2 1101 1102
2 2064 1079
2 9019 1006
2 4916 1317
2 5651 1446
2 9894 1273
2 1013 1075
2 3678 1276
2 7834 1147
2 839 1549
2 1491 1582
2 2548 1020
2 3024 1646
2 3765 956
2 5048 1219
2 7945 1369
2 6170 1279
2 7198 1506
2 4405 1754
2 4961 1530
2 1004 1733
2 1071 1766
2 1115 1840
2 5945 1511
2 9965 1315
2 4685 1652
2 7937 2175
2 1233 1667
2 2124 1706
2 3302 1970
2 4579 2253
2 3272 2109
2 3795 2314
2 8152 2224
2 9986 1949
2 5042 2310
2 384 2311
2 2141 1967
2 3647 2473
2 6677 2173
2 7104 2067
2 9295 2349
2 1734 2068
2 2008 1857
2 2070 2204
2 7927 2415
2 4702 2183
2 5101 2543
2 6782 2528
2 7135 2657
2 854 2658
2 5773 2740
2 6495 2050
2 1707 2660
2 2115 2494
2 4430 2372
2 8058 2842
2 336 2624
2 1164 2594
2 1214 2757
2 2080 2620
2 4957 2631
2 5046 2517
2 7201 2625
2 7540 2695
2 443 2546
2 2558 3009
2 2922 2701
2 4788 2770
2 4917 3275
2 5214 2996
2 7409 2675
2 8639 2969
2 1341 3209
2 7896 2859
2 8063 2779
2 3499 2866
2 5653 3225
2 7825 3194
2 49 2755
2 976 2863
2 6702 3186
2 7202 2690
2 7961 3088
2 1146 3045
2 1830 2928
2 4886 3348
2 4964 3532
2 6381 2913
2 9307 3175
2 3463 3426
2 4509 3069
2 6176 3552
2 7313 3394
2 9568 3237
2 818 3041
2 82 3217
2 4983 3177
2 3792 3610
2 5295 3570
2 6107 3450
2 8612 3718
2 3047 3481
2 5772 3121
2 7595 3628
2 7757 3693
2 3607 3510
2 3940 3909
2 4135 3680
2 4874 3658
2 5982 3863
2 2727 4018
2 3096 3758
2 2228 3807
2 2274 3577
2 5713 3846
2 8338 4285
2 9305 3562
2 2964 4154
2 3896 4039
2 6252 4005
2 636 4094
2 1353 3794
2 3228 4118
2 3566 4064
2 1210 3964
2 3309 3847
2 4322 4053
2 7136 4429
2 8485 4178
2 8608 4013
2 887 4594
2 5310 4290
2 7305 4301
2 1851 4216
2 3293 4501
2 4240 4163
2 6168 4133
2 7543 4483
2 71 4464
2 4406 4602
2 4925 4323
2 6550 4721
2 7516 4436
2 8322 4029
2 9433 4628
2 1988 4450
2 1203 4344
2 6935 5296
2 8745 4598
2 9129 4592
2 7551 4841
2 9866 4679
2 1671 5104
2 4940 4681
2 1955 5032
2 5625 4625
2 7145 4682
2 9795 5265
2 7 4790
2 1812 4828
2 4185 5055
2 9527 5045
2 8116 4724
2 3437 5029
2 4141 5100
2 5383 4924
2 47 4634
2 4131 5049
2 5219 4691
2 7579 5005
2 594 5351
2 1322 5066
2 1450 4906
2 2456 5140
2 3114 5153
2 7326 5710
2 8465 5442
2 8851 5292
2 9552 5532
2 4167 5123
2 2259 5850
2 4235 5677
2 4637 5754
2 7359 5578
2 9 5706
2 3042 5619
2 3142 5329
2 766 5709
2 1094 5608
2 1713 5892
2 7231 5643
2 1742 6011
2 4655 5567
2 5006 5792
2 5652 6068
2 1934 5501
2 3686 5887
2 7583 5660
2 9539 6065
2 9690 5406
2 532 5950
2 2686 5853
2 5873 5787
2 2962 5944
2 4074 6272
2 4561 5914
2 5494 5798
2 7715 5983
2 9525 6390
2 3844 5963
2 4657 5928
2 8803 6234
2 9263 6438
2 727 6350
2 2481 6609
2 3072 5770
2 8553 6167
2 723 5912
2 1050 6407
2 1895 5807
2 4847 5977
2 7083 6105
2 4112 6279
2 4475 6843
2 6129 6316
2 6957 6373
2 2759 6423
2 3357 6489
2 4102 6249
2 7447 6412
2 8250 6434
2 8387 6559
2 9235 6371
2 9532 6233
2 9917 6402
2 62 6999
2 2982 6368
2 4374 6556
2 7088 6380
2 2293 6284
2 2736 6817
2 7196 6718
2 8736 6479
2 1946 6821
2 3519 6592
2 8332 6435
2 954 6937
2 3196 6944
2 213 6728
2 7032 6841
2 7308 6378
2 7648 7066
2 8375 7535
2 859 6930
2 4320 6810
2 8010 7081
2 9196 6687
2 9946 6539
2 1591 6635
2 2045 7194
2 5163 6751
3 6547 3700 6096
3 9063 4168 6286
3 1418 3762 6020
3 1724 3804 5934
3 2726 3717 6369
3 4076 3608 6355
3 5777 4567 6069
3 6882 4752 6618
3 2060 3803 6524
3 2342 4260 6760
3 3337 4353 6891
3 4619 3729 6470
3 5904 4211 6021
3 6611 4156 6608
3 7725 3883 5922
3 8193 3924 6642
3 8767 4482 6663
3 850 4093 6225
3 1568 4705 6455
3 2652 3930 6610
3 3689 3968 6449
3 6178 4046 6278
3 9106 4738 6657
3 992 3887 6675
3 2340 4047 6319
3 4402 4479 6745
3 5172 4508 6292
3 9119 4716 6089
3 2544 4292 6555
3 3155 4907 6710
3 8644 5082 6670
3 1433 4546 6570
3 4490 4972 6439
3 4638 4715 6671
3 4912 5325 6367
3 4995 5342 7073
3 9966 4327 6772
3 1621 4659 6889
3 2642 5038 6900
3 3170 4958 6853
3 3672 5271 6665
3 6558 5043 6801
3 9747 4726 6840
3 586 4728 6564
3 2085 4913 6771
3 2749 4911 6575
3 3648 5364 6755
3 3775 5523 6684
3 120 5614 7162
3 201 5613 7054
3 3757 4469 6859
3 5729 4422 6746
3 8626 5191 6861
3 9344 5882 7040
3 9576 5213 7051
3 3542 5030 6468
3 3781 5389 6931
3 5686 5430 6793
3 6038 4880 7080
3 6534 5328 6854
3 6913 4678 6883
3 7451 5727 6737
3 7494 4948 7141
3 7851 5496 6826
3 8601 5771 7167
3 2828 5741 7126
3 3257 5391 6975
3 4139 5322 6871
3 7643 5321 7070
3 6571 5521 7273
3 8478 4891 6743
3 774 5870 6630
3 4550 5577 7067
3 5931 6201 7339
3 6567 5631 7174
3 7148 5778 7171
3 8138 6008 7021
3 8397 5188 6834
3 2628 6323 7420
3 3889 6453 7016
3 5156 5811 7276
3 7464 5844 7107
3 7545 5556 6644
3 7814 6499 7059
3 403 6451 7538
3 1763 5208 7020
3 2323 6154 7139
3 3593 5907 7441
3 8186 6072 6831
3 9542 6343 6888
3 328 6054 7484
3 676 6085 7377
3 2862 6688 7747
3 2870 6282 7284
3 4150 5972 7235
3 4244 6649 6979
3 6134 6064 7266
3 9302 5466 6970
3 2795 5980 6954
3 3112 5699 7098
3 3376 6364 7160
3 3475 5986 7411
3 4058 6237 7303
3 6537 6077 7086
3 7862 6474 7383
3 18 6481 7511
3 2300 6060 7049
3 2308 6494 7488
3 8997 6387 7433
3 9151 6280 7205
3 9275 6425 7593
3 9713 6549 7370
3 58 6498 7261
3 4959 7129 7131
3 6467 6293 7474
3 6927 6870 7449
3 7079 6581 7837
3 8187 6890 7427
3 8865 6039 7214
3 9559 6727 7473
3 1383 6645 7373
3 2036 6681 7355
3 2213 6232 7349
3 2814 6351 7394
3 4390 6697 7533
3 5081 6430 7845
3 4044 7426 7811
3 5366 6685 7573
3 7316 6993 7304
3 8233 7065 7528
3 8242 7085 7342
3 8267 7163 7380
3 9900 7142 7147
3 3451 7399 7720
3 3708 6897 7306
3 3840 7309 7422
3 3869 6848 7504
3 8115 7200 7935
3 4480 7586 7676
3 8259 7655 7711
3 1711 7381 7719
3 5609 6990 7684
3 6147 7664 8109
3 6171 7795 7965
3 7166 6827 7921
3 7445 7263 7269
3 7703 7346 7553
3 8506 7212 7571
3 9528 7307 7801
3 446 7803 7771
3 778 7224 7630
3 2123 7186 7822
3 3842 7481 7657
3 5845 7888 7873
3 7673 7278 8103
3 8616 7501 7872
3 8849 7275 7746
3 1160 7832 8171
3 2305 8089 7787
3 8079 7356 7775
3 9243 7590 7912
3 9320 8108 7756
3 9873 7841 7830
3 11 8389 7955
3 1049 8419 8065
3 1839 7812 7802
3 1936 7859 7534
3 2160 7903 8020
3 2267 7418 7886
3 3526 7730 8007
3 3583 7870 7628
3 5540 7815 7869
3 8094 8398 8220
3 245 8495 8260
3 654 8752 8090
3 1136 7807 8087
3 2243 7975 8083
3 2313 7211 7578
3 3126 8027 8071
3 4837 8321 8144
3 5096 8996 8274
3 8101 7856 7666
3 8430 8002 8285
3 333 8318 7960
3 1552 8000 7887
3 2023 8540 7891
3 6050 9009 8030
3 6123 8615 8315
3 6359 7991 7900
3 8167 8464 8062
3 9605 8129 8075
3 1509 8880 8296
3 3913 8396 8180
3 5359 8248 8060
3 7267 8473 8347
3 7944 8729 8172
3 9514 8456 8308
3 2985 8815 8306
3 3950 8821 8330
3 4284 8200 8146
3 5136 8576 8281
3 5324 8310 8203
3 7726 8877 8014
3 8509 8682 7917
3 9921 9421 8497
3 687 9100 8378
3 2944 8801 8283
3 4551 9087 8246
3 5854 9246 8494
3 7385 8468 8064
3 7953 8875 8147
3 8036 9171 8436
3 8286 8812 8128
3 9374 9013 7753
3 373 9036 8205
3 2282 9400 8254
3 2920 8975 8251
3 4902 9233 8373
3 6300 8519 8368
3 6580 9313 8201
3 6777 8967 8230
3 7008 9610 8400
3 706 9179 8395
3 1767 9022 8421
3 2535 9858 8631
3 3106 9521 8095
3 3745 9322 8482
3 4498 9500 8299
3 5209 9714 8462
3 6842 9193 8357
3 7522 9229 8211
3 8367 9589 8496
3 9784 9140 8292
3 1231 9851 8313
3 1845 9859 8549
3 3618 9173 8624
3 3632 9143 8365
3 3899 186 8594
3 7466 9260 8370
3 9289 9993 8559
3 65 175 8513
3 1427 9223 8223
3 2674 9258 8228
3 2817 76 8708
3 3253 9394 8329
3 7922 9564 8546
3 9340 9775 8676
3 2203 9963 8271
3 5665 9891 8364
3 8348 30 8630
3 9856 9772 8469
3 177 128 8294
3 2718 9695 8327
3 4690 9996 8498
3 5600 207 8289
3 6985 179 8661
3 6989 9659 8545
3 7026 81 8555
3 8701 9648 8493
3 9283 41 8725
3 9722 123 8587
3 463 9682 8345
3 7700 156 9066
3 9732 273 8762
3 9942 9645 8505
3 593 9776 8534
3 2994 9931 8401
3 3002 386 8688
3 5622 204 8805
3 8026 9572 8528
3 1359 634 8771
3 3083 194 8757
3 4151 274 9017
3 4965 290 8718
3 5919 9983 8564
3 7920 289 8979
3 8346 9849 8739
3 8563 275 8774
3 9111 383 8622
3 780 561 8580
3 1096 269 8992
3 1996 658 8831
3 2572 823 8838
3 2941 215 8902
3 4516 9957 8847
3 6582 734 9118
3 6638 534 8836
3 7050 181 8935
3 8047 322 8941
3 8697 1009 8949
3 8721 400 8845
3 9691 69 9010
3 1357 448 8857
3 1817 288 8424
3 3229 517 8908
3 6313 270 8852
3 8834 712 8945
3 9649 459 9049
3 2619 648 8988
3 6329 414 9303
3 8253 495 8784
3 9252 667 9175
3 745 435 9103
3 1085 757 8737
3 2364 295 9081
3 9778 753 8826
3 522 629 8744
3 1336 806 9021
3 1372 450 8961
3 2571 1110 8844
3 3485 698 9199
3 4137 460 8913
3 4951 736 9108
3 5962 673 9141
3 7209 1106 8999
3 9366 761 9212
3 103 808 9178
3 717 1016 9085
3 2009 1103 9315
3 2802 961 9277
3 3356 947 8968
3 4582 691 8868
3 6363 1048 9270
3 8839 1250 9099
3 9443 1288 8819
3 9779 1311 9242
3 251 922 8794
3 565 1393 8901
3 709 512 9198
3 1861 1113 9088
3 2112 1036 8602
3 4351 1226 9230
3 4352 1212 9158
3 6477 653 9203
3 6602 1222 8842
3 8477 831 9293
3 9751 964 9007
3 67 1265 9257
3 2647 1421 9177
3 3368 1271 9148
3 6426 1095 9396
3 2351 875 9040
3 5891 1332 9361
3 5909 1192 9117
3 8811 1278 9423
3 2905 1485 9139
3 3443 1155 8987
3 6994 959 9176
3 7119 1171 9195
3 8199 1517 9448
3 9123 1537 9476
3 9154 1593 8958
3 9365 1424 9205
3 6 1534 9461
3 257 1799 9619
3 645 1490 9225
3 1340 1452 9846
3 3089 1119 9120
3 4259 1744 9288
3 5793 1213 9279
3 7629 1562 9412
3 9124 1158 9217
3 171 1814 9458
3 214 1437 9505
3 1976 1546 9679
3 2536 1931 9608
3 5492 1578 9385
3 7671 1623 9573
3 7981 1836 9439
3 8614 1852 9462
3 8751 1775 9422
3 332 1864 9524
3 1202 1607 9592
3 1510 1586 9330
3 1787 1477 9102
3 2095 1459 9197
3 3379 1705 9819
3 4884 1807 9473
3 6415 1597 9621
3 7330 2205 9405
3 9325 1704 9591
3 9585 2104 9768
3 1344 1891 9662
3 1701 2019 9075
3 2162 1699 9251
3 3496 2206 9904
3 4134 2040 9410
3 4293 1647 9676
3 4357 2025 9702
3 4477 2194 9244
3 7489 1697 9470
3 7911 2270 9440
3 9546 1884 9349
3 9629 1978 9672
3 9806 1447 9503
3 60 2388 9700
3 3062 2059 9391
3 3214 1932 9450
3 3308 1915 9506
3 5239 2135 9606
3 5593 2088 9667
3 188 1878 9990
3 1001 2189 9548
3 1820 2537 9902
3 2957 2337 9728
3 4557 2477 9800
3 4867 1758 9788
3 5544 1841 9654
3 6666 1789 9444
3 8163 2807 9710
3 8501 2327 9815
3 8923 2231 9811
3 9363 1924 9480
3 9968 2344 9687
3 750 2325 9969
3 877 2136 9360
3 1717 2379 9688
3 5149 2172 9975
3 5330 2453 9842
3 6914 2142 95
3 8529 2384 9805
3 8835 2503 9736
3 9511 2451 9698
3 9930 2402 9960
3 9974 2216 9627
3 1740 2355 9756
3 1975 2838 9882
3 4222 2307 9985
3 5236 2563 9727
3 5244 2653 9616
3 5518 2583 21
3 5733 2942 9987
3 6956 2343 9933
3 7934 2121 9829
3 8003 2470 9733
3 8779 2484 98
3 1505 2420 9883
3 4711 2360 310
3 5332 2373 92
3 5991 2460 9804
3 6297 2711 9814
3 6342 2075 9642
3 7057 2787 9932
3 7391 2130 9518
3 321 2839 107
3 1351 2423 9463
3 1564 2412 9865
3 1800 2775 9493
3 2776 2322 9766
3 4727 2883 102
3 4977 2668 90
3 7613 3141 9915
3 8651 2587 42
3 8658 2891 9982
3 9545 2531 9825
3 296 2671 9742
3 924 2564 190
3 1364 2603 9673
3 1883 2837 9889
3 2575 2899 167
3 3730 2824 64
3 7677 2949 9720
3 9166 2827 155
3 3750 3199 224
3 4331 3029 104
3 4696 2803 66
3 6188 2954 9839
3 7415 3125 205
3 7439 2882 9950
3 8040 2835 280
3 8431 2812 9869
3 1249 2978 237
3 1965 3077 261
3 2245 3281 238
3 3120 3146 327
3 4572 2959 440
3 5529 3333 77
3 5758 2921 9919
3 5970 2805 200
3 7153 3391 252
3 7344 3360 9956
3 9962 3262 105
3 791 2604 337
3 1522 2947 9615
3 1747 3189 390
3 7210 3118 52
3 7647 2916 116
3 8915 2707 135
3 8990 3169 344
3 9426 3513 241
3 2509 3536 223
3 3579 3620 331
3 4161 3070 330
3 4415 2799 387
3 4717 3432 9955
3 5028 3161 106
3 5131 3482 129
3 5808 2934 121
3 7699 3541 364
3 8168 3307 309
3 8449 3328 216
3 9550 3265 220
3 1743 3019 493
3 3473 4040 580
3 5488 3549 479
3 5683 3107 353
3 5835 3476 133
3 6738 3235 369
3 7972 3927 368
3 8056 3291 127
3 8579 3685 416
3 96 3772 286
3 767 3704 585
3 1061 3540 176
3 1714 3636 543
3 2043 3624 334
3 2265 3172 469
3 2573 3645 420
3 3655 3395 122
3 5074 2889 259
3 5728 3728 292
3 6042 3259 276
3 6616 3301 118
3 7824 3361 531
3 8418 3813 228
3 9271 3502 445
3 9341 3458 294
3 9397 3466 9913
3 55 3615 506
3 301 3584 521
3 902 3455 254
3 1673 4148 563
3 3087 4091 536
3 6273 3835 510
3 6419 3247 345
3 6627 4020 650
3 7250 3724 566
3 8866 4048 391
3 9569 4176 478
4 264 7425 3021 2816
4 631 7751 3080 2849
4 1200 7397 2981 2645
4 1523 7616 2909 2609
4 2952 7951 3016 2737
4 3830 8224 3111 2910
4 3845 7585 3350 2845
4 5720 8446 3832 3081
4 6144 7434 2963 2844
4 8470 7500 3054 2794
4 8548 8133 3018 2880
4 8607 7957 3538 3035
4 197 8081 3398 2914
4 385 7818 3052 2833
4 773 7786 3250 2777
4 797 7938 3378 2936
4 1178 7521 3445 2878
4 1636 7982 3204 2810
4 1889 7495 3210 2768
4 3223 8080 3294 2919
4 3834 8342 3242 2965
4 4870 7788 3472 2840
4 6742 8613 3157 2893
4 7524 8229 3076 2665
4 8625 7695 3260 2857
4 9566 8434 3419 2788
4 9626 7752 3494 2763
4 9853 8068 2867 2709
4 1508 7659 3366 2890
4 2089 8423 3036 2760
4 2809 8164 3375 2989
4 3167 7986 3000 2753
4 3306 7734 3501 3017
4 5155 8486 3187 2818
4 5553 8570 3400 2904
4 6226 7849 3324 2797
4 6309 8006 3393 2847
4 6410 8533 3090 2902
4 8487 7523 3483 3040
4 8702 7688 3341 2855
4 9797 8432 3474 2699
4 407 8635 3564 2869
4 2055 8272 3365 2715
4 3137 8353 3383 2796
4 3978 9586 3407 2901
4 4367 7959 3373 2933
4 4960 8791 3413 2748
4 6336 8085 3512 2894
4 6377 9135 3548 2743
4 8132 7745 3305 2931
4 8659 8323 3448 3033
4 9048 8235 3331 2636
4 1476 8772 3439 2888
4 1810 8032 3449 2970
4 3905 8756 3569 2864
4 4600 7314 3338 2703
4 5375 9209 3612 2966
4 5864 8517 3661 2948
4 6192 7881 3578 3032
4 7155 8893 3737 2943
4 7436 8734 3590 2820
4 7567 8141 3635 2973
4 7748 8556 3193 2832
4 8183 8860 3586 2868
4 9250 9057 3609 2915
4 730 8986 3670 3179
4 1948 8426 3468 3003
4 2612 8738 3600 3073
4 3557 8567 3812 3008
4 3673 9431 4025 3180
4 4649 8822 3784 3130
4 5610 8886 3705 2960
4 278 9015 3711 3133
4 1228 9094 3591 3148
4 1998 9073 3695 3206
4 2486 9084 3399 3056
4 3271 9152 3664 2971
4 3791 9771 3817 2945
4 3870 9407 3933 3152
4 4079 9348 4190 3190
4 4524 8713 3916 3129
4 6384 9684 3780 2856
4 8671 8673 3602 3103
4 9718 9337 3679 3034
4 4043 9429 3497 2918
4 4200 8726 3601 2992
4 4861 9398 3721 3095
4 6058 9146 4061 3079
4 6769 9774 4129 2774
4 9689 9237 4115 3131
4 9952 9745 4104 3254
4 283 9224 3676 3113
4 2353 9787 4081 3182
4 3001 9650 3888 3200
4 5308 8717 3995 3314
4 6028 9752 3827 2986
4 6198 9793 3919 3290
4 6747 9755 3713 3061
4 8707 144 4205 3122
4 8940 9561 4212 2972
4 9265 455 3992 2791
4 9746 9868 4035 3351
4 9843 136 3874 3183
4 3 9734 3971 3094
4 1429 57 4088 3063
4 1912 9656 3815 3195
4 3857 9699 3801 3282
4 3944 9837 3911 3160
4 5476 22 4023 3165
4 7253 9895 3937 2789
4 9871 9588 4219 3065
4 85 195 4237 3415
4 1483 9686 4404 3320
4 2912 25 4107 3043
4 5170 8768 4042 3181
4 6010 9864 4087 3192
4 6662 348 4255 3304
4 7302 253 4268 3151
4 9078 9692 4177 3246
4 432 9741 4068 3140
4 1140 317 4051 2926
4 2000 9632 3988 2955
4 3367 89 4281 3219
4 3997 9379 3866 3202
4 7412 142 3947 3198
4 7443 402 4195 3166
4 8204 9427 4258 2938
4 8297 9914 4420 3434
4 8677 148 3910 3369
4 9507 9971 4183 3230
4 263 640 4443 3374
4 836 9165 4006 3067
4 884 325 4446 3389
4 915 9327 4204 3208
4 1040 9820 4231 3456
4 1587 500 4012 3234
4 1853 9636 4138 3139
4 3278 157 3849 2884
4 4179 9536 4273 3289
4 4527 649 4366 3550
4 4532 378 4305 3349
4 4706 620 4196 3231
4 6578 596 4507 3336
4 7118 150 4239 3046
4 7880 419 4297 3236
4 8453 523 4494 3300
4 1720 314 4384 3184
4 2927 184 4243 3303
4 3028 9885 4157 3093
4 4607 413 4121 3168
4 5203 372 4361 3285
4 5207 471 4397 3269
4 6012 411 4119 3421
4 6146 729 4306 3310
4 6483 428 4332 3185
4 6981 316 4101 3317
4 7095 682 4416 3315
4 7103 405 4261 3150
4 8442 472 4330 3245
4 8683 485 4428 3205
4 513 626 4468 3423
4 995 554 4409 3048
4 3022 401 4274 2829
4 3885 417 4413 3410
4 5803 381 4242 3354
4 5849 111 4080 3144
4 6110 800 4217 3326
4 6320 812 4441 3433
4 7696 210 4209 3248
4 7978 508 4417 3470
4 8670 425 4341 3287
4 464 499 4418 3403
4 1224 903 4370 3325
4 1378 610 4756 3490
4 1821 315 4500 3465
4 2585 930 4850 3539
4 3508 576 4391 3286
4 6757 972 4842 3461
4 7319 363 4411 3224
4 7617 870 4713 3385
4 7618 848 4630 3452
4 8964 894 4675 3444
4 1037 515 4535 3489
4 1253 901 4528 3459
4 2877 1128 4548 3440
4 3518 646 4643 3731
4 4474 776 4642 3098
4 4565 1134 4684 3397
4 4617 725 4667 3311
4 4883 1120 4869 3537
4 6370 608 4616 3377
4 7296 672 4520 3284
4 7603 897 4764 3556
4 8722 739 4737 3416
4 8929 574 4457 3414
4 1073 906 5010 3616
4 1681 575 4626 3486
4 1708 1092 4992 3683
4 3037 837 4824 3551
4 3561 840 4771 3751
4 3736 1148 4816 3418
4 3877 886 4513 3487
4 4307 968 4923 3435
4 5174 986 4893 3535
4 5197 726 4455 3460
4 6444 1188 5124 3429
4 7861 340 4571 3622
4 8750 671 4843 3533
4 8932 708 5064 3427
4 9908 1035 4472 3380
4 1117 979 4665 3545
4 1526 807 4813 3534
4 1542 1215 5053 3603
4 1684 1282 4852 3520
4 1923 1194 4658 3613
4 2939 1172 5021 3637
4 3362 949 4683 3493
4 4786 763 4804 3405
4 4871 1220 4701 3529
4 5785 1519 5022 3709
4 7759 525 4299 3514
4 8692 1191 5087 3599
4 8895 643 4545 3652
4 9359 1082 4591 3684
4 9464 1404 4825 3706
4 137 1316 4915 3388
4 559 1494 5093 3467
4 1116 1487 5183 3660
4 1152 1180 4760 3710
4 1154 1513 4820 3571
4 1484 1806 5106 3568
4 2627 977 4744 3462
4 2937 1289 4927 3525
4 4038 1402 4873 3734
4 4439 1395 4952 3390
4 5902 1371 5113 3509
4 7536 1569 5023 3436
4 8524 1497 4967 3701
4 9599 1401 5117 3707
4 520 1645 4878 3417
4 1571 1846 5276 3732
4 2488 1216 4718 3279
4 3892 1557 4809 3565
4 8328 1480 4988 3687
4 3511 1802 5102 3767
4 4521 1854 5318 3787
4 5278 1801 5000 3327
4 5462 1545 5039 3748
4 6296 1982 5120 3740
4 8874 1687 5316 3725
4 8956 1080 5216 3726
4 9880 1307 4881 3633
4 2592 2376 5403 3776
4 2798 1625 5373 3820
4 3853 1716 5234 3868
4 4975 1541 5220 3931
4 5823 1563 5187 3871
4 7678 1594 5160 3438
4 7823 1867 5280 3860
4 8466 1813 5260 3650
4 8637 1980 5232 3959
4 916 1618 5145 3589
4 1833 1633 5033 3406
4 3055 1731 5062 3675
4 3544 1942 5036 3814
4 5341 1937 5339 3763
4 5547 2198 5273 3774
4 5839 1608 5256 3696
4 6231 1655 5428 3703
4 6656 1761 5196 3572
4 7041 1639 5194 3773
4 7178 1406 4953 3722
4 9769 1882 5279 3741
4 17 1539 5224 3699
4 56 1831 5512 3965
4 172 2010 5745 3953
4 174 2024 5445 3836
4 970 1858 5425 3768
4 1361 2149 5317 3982
4 1712 1941 5470 3831
4 2566 1909 5180 3441
4 2600 1777 5281 3833
4 4668 1588 5226 3580
4 4946 1809 5411 3805
4 5705 2419 5142 3659
4 5941 1786 5331 3644
4 6220 1954 5419 3653
4 6577 2046 5568 4017
4 6605 1811 5368 3714
4 6965 1612 5386 3638
4 7463 1768 5080 3627
4 8527 2381 5607 3867
4 9425 2294 5657 4070
4 9907 1405 5267 3898
4 9961 1654 5558 3934
4 1726 2186 5282 3623
4 2185 1886 5369 4010
4 5378 1669 5628 3920
4 5441 1928 5487 3974
4 5998 2011 5520 3908
4 6938 2229 5524 3938
4 7255 1917 5240 3936
4 9984 2268 5479 3809
4 529 2504 5409 3903
4 760 2324 5659 4033
4 846 2560 5736 3901
4 2368 2471 5398 3855
4 5503 2039 5800 3861
4 5548 2098 5353 4072
4 6389 2221 5384 3755
4 7130 2398 5749 3886
4 7215 2347 5725 3829
4 7238 1824 5393 3962
4 10 2713 5774 3998
4 145 2129 5676 3946
4 3050 2359 5508 3858
4 3769 2987 5978 4202
4 4604 2289 5545 4056
4 5250 2664 5519 3999
4 6715 2238 5538 4037
4 7363 1935 5201 3605
4 8516 2436 5802 4045
4 9014 2140 5804 3826
4 9350 3004 5859 3630
4 297 2683 5855 4125
4 451 2732 5979 4184
4 688 2656 5755 4016
4 738 2148 5704 3854
4 844 2766 6043 4122
4 1234 2526 5869 3850
4 1430 2427 5848 4146
4 1570 2083 5695 4003
4 1765 2831 5768 3778
4 2106 2377 5866 4201
4 3516 2408 5603 4109
4 3746 2529 5824 4169
4 3969 2382 5781 4160
4 4663 2330 5658 3954
4 4731 2629 5620 3779
4 5151 3012 5911 4186
4 5446 3027 5624 3649
4 5563 2874 5688 3955
4 6856 2885 5611 3986
4 7740 2750 5958 4117
4 8363 2346 5906 4096
4 8931 2418 5923 3976
4 9092 2873 6062 4095
4 208 2834 5717 4015
4 923 2813 5889 4032
4 1122 2634 5712 3800
4 1601 3099 5837 3764
4 2716 2207 5573 3957
4 3134 3267 5764 4142
4 5649 2929 5974 4085
4 6583 2739 5961 4073
4 6752 2946 6191 4326
4 8714 2577 5640 3770
4 9168 2057 5543 4263
4 556 3744 6344 4348
4 912 2886 6040 4024
4 1197 2781 6030 4232
4 1827 3124 5838 4159
4 2165 2579 5831 4007
4 5118 3164 6114 4278
4 5579 3255 5894 4050
4 6205 3312 6306 4114
4 6266 2953 5816 3604
4 6526 3411 6328 4127
4 6540 2502 6080 4271
4 7218 2567 5879 4282
4 7624 3582 6132 4071
4 7778 3153 6056 4084
4 9597 3243 6029 4365
4 139 3216 5876 3841
4 164 3353 6141 4252
4 926 2993 6264 4247
4 1963 3173 6057 4275
4 2407 3464 6071 4027
4 3104 3058 6259 4378
4 6133 2694 6108 4110
4 7149 2724 6083 4310
4 8239 3258 6347 4276
4 9161 3504 6204 4158
4 117 3233 6211 4181
4 2007 2622 6145 4203
4 2295 3156 6223 4166
4 2649 2733 6151 4280
4 4491 2907 6214 4049
4 4990 3873 5984 4287
4 6396 3671 5959 4136
4 7518 2673 6090 4152
4 7558 3316 5852 4002
4 8833 2908 6103 4360
4 9182 3646 6341 4113
4 9214 2578 5936 4140
4 1589 3201 6160 4171
4 1648 2911 6127 4343
4 4230 3322 6321 4086
4 5007 3990 6333 4288
4 5013 3619 6111 4128
4 5017 2823 6218 4253
4 5948 4034 6337 4265
4 8059 3507 6124 3878
4 8161 3961 6830 4481
4 211 3945 6142 4083
4 2804 3621 6253 4199
4 3674 3263 6283 4364
4 4627 2525 6098 4173
4 5574 3109 6024 4207
4 5627 4220 5935 4241
4 5899 3754 6356 4315
4 6052 3735 6106 4145
4 7499 3879 6244 4336
4 7839 3799 6466 4180
4 8044 3595 6000 4014
4 8650 4188 6352 4314
4 8824 3318 6242 4132
4 9390 3966 6374 4347
4 9594 3749 6190 4227
4 480 3371 6392 4421
4 628 4325 6184 4182
4 2309 4192 6513 4295
4 2879 3891 6686 4349
4 3691 4198 6694 4427
4 4126 4103 6699 4432
4 5056 4392 6708 4396
4 5875 4286 6348 4067
4 6149 4078 6222 4346
4 7152 4224 6487 4270
4 7692 3727 6561 4454
4 8198 4116 6413 4223
4 8293 3951 6386 4382
4 87 4540 6493 4251
4 642 4478 6298 4266
4 1010 3811 6361 4296
4 2127 3897 6606 4493
4 2555 3935 6002 4250
4 2848 4388 6625 4426
4 6680 4677 6876 4486
4 7204 3917 6281 4350
4 7983 4403 6695 4570
4 8617 4578 6598 4329
4 1015 3753 6512 4338
4 1825 4641 6812 4601
4 2590 4077 6445 4213
4 2836 4774 6833 4395
4 3276 4257 6721 4615
4 3932 3154 6339 4130
4 6102 4334 6620 4373
4 6623 4303 6579 4264
4 7318 3651 6509 4525
4 8247 3859 6349 4380
4 9490 4431 6779 4368
4 9719 4394 6726 4459
4 656 4149 6654 4497
4 2125 4661 6904 4438
4 2811 4461 6436 4460
4 3828 4031 6991 4533
4 6157 4688 6800 4210
4 6215 4221 6764 4503
4 7151 4963 7006 4576
4 8305 3972 6730 4543
4 8609 4710 6683 4597
4 8653 4248 6332 3963
4 178 4620 6729 4471
4 900 5158 6852 4614
4 1735 4375 6759 4587
4 1847 4796 6776 4522
4 1866 4214 6617 4294
4 1876 4797 6502 4398
4 2872 4583 6734 4393
4 3973 4976 6805 4531
4 4555 4855 6767 4512
4 6036 5105 6837 4660
4 6731 4798 6818 4466
4 7954 4851 6629 4342
4 8606 4822 7038 4585
4 9414 5217 6866 4437
4 9471 4708 6750 4462
4 9580 4645 6705 4463
4 28 4747 6973 4485
4 206 5075 6902 4560
4 1620 4742 7075 4515
4 1943 4371 6754 4304
4 2516 4698 6857 4547
4 3239 5059 6723 4321
4 3480 4703 6921 4541
4 3677 5019 6959 4319
4 3692 5198 6803 4423
4 4650 4694 7053 4753
4 4859 4553 6651 4358
4 5513 4982 6588 3979
4 6193 5192 6816 4476
4 6256 5141 6901 3952
4 9286 5058 7069 4673
4 931 5534 7109 4608
4 1159 5242 7185 4536
4 1464 5769 7072 4720
4 1856 4966 6922 4603
4 2538 4978 7043 4569
4 4671 4672 6905 4699
4 7375 5698 7009 4408
4 8652 4930 6788 4581
4 9852 4899 6969 4225
4 590 5460 7195 4313
4 1056 5182 7046 4687
4 2226 5333 6945 4654
4 4170 5517 7384 4552
4 5815 5070 7256 4739
4 6703 4775 7056 4647
4 8134 5268 7161 4568
4 8578 5719 7243 4589
4 9382 5504 7292 4664
4 9499 5426 7134 4805
4 1632 5382 6934 4719
4 1819 5088 7258 4776
4 2697 5940 7216 4629
4 3527 6006 7288 4635
4 3808 5161 7300 4758
4 4573 5343 7197 4312
4 6531 5009 7165 4714
4 9276 5499 7264 4448
4 834 4933 7007 4618
4 1129 5700 7333 4689
4 1205 6227 7324 4510
4 2999 5697 7323 4832
4 3092 5345 7661 5057
4 3132 5930 7350 4624
4 4496 5668 7367 4787
4 4792 6334 7217 4401
4 5061 6112 7588 4778
4 5559 5885 7268 4584
4 5981 6003 7568 4646
4 6152 5379 7011 4433
4 7764 5367 7419 4827
4 8258 5973 6968 4768
4 124 5760 7334 4811
4 151 6014 7448 4722
4 307 5164 7502 4831
4 1260 5884 7611 4980
4 1877 5439 7386 4761
4 1994 5591 6949 4383
4 4054 5819 7652 4894
4 6206 5910 7301 4741
4 6443 6022 7712 4789
4 6741 6245 7658 4785
4 6984 5896 7813 5002
4 8537 5862 7465 4749
4 53 6345 7614 4762
4 1718 5377 7354 4769
4 1874 5215 6995 4530
4 3895 6301 7519 4686
4 5094 5915 7637 4652
4 6053 5580 7432 4730
4 7105 6143 7723 4862
4 7475 5498 7360 4693
4 7875 6005 7416 4748
4 8684 6551 7724 4834
4 9238 5985 7706 4849
4 9637 5694 7713 4779
4 236 6230 7607 4590
4 589 5832 7509 4812
4 1642 5820 7627 4588
4 1888 5747 7442 4920
4 2190 5901 7527 4755
4 2705 6213 7708 4931
4 3573 5863 7663 4732
4 4725 6216 7351 4499
4 4997 5868 7544 4795
4 6228 6519 7646 4897
4 7542 5682 7665 4890
4 9241 6652 7798 4743
4 9799 6137 7576 4905
4 2091 5908 7620 4733
4 2428 6208 7844 4985
4 3980 6007 7721 4877
4 4055 6600 7741 4740
4 4611 6636 7826 4974
4 4814 6290 7531 4709
4 4857 6161 7842 5016
4 7413 6175 7877 4876
4 7512 6497 7623 4770
4 7777 6304 7338 4793
4 9675 6270 7507 4680
4 9748 6576 7548 4901
