172
2 0 102
2 1 359
2 2 149
2 3 23
2 4 102
2 5 56
2 6 359
2 7 26
2 8 36
2 9 114
2 10 45
2 11 95
2 12 36
2 13 27
2 14 46
2 15 62
2 16 27
2 17 37
2 18 36
2 19 208
2 20 4
2 21 399
2 22 64
2 24 23
2 25 89
2 28 153
2 29 66
2 30 2
2 31 403
2 32 94
2 33 92
2 34 44
2 35 152
2 38 2
2 39 203
2 40 2
2 41 108
2 9 4
2 9 37
2 47 8
2 48 200
2 30 214
2 45 2
2 52 9
2 55 37
2 9 192
2 34 74
2 61 62
2 56 139
2 70 2
2 71 433
2 72 94
2 73 30
2 9 62
2 40 94
2 44 100
2 41 62
2 80 37
2 81 114
2 9 30
2 39 235
2 86 472
2 90 419
2 91 94
3 93 99 102
3 2 9 30
3 97 99 37
3 101 359 37
3 46 350 94
3 105 240 30
3 106 345 56
3 107 353 8
3 107 37 277
3 111 410 294
3 112 341 80
3 113 387 396
3 41 328 4
3 25 294 74
3 117 288 94
3 100 385 4
3 120 268 4
3 121 144 30
3 123 234 30
3 124 198 30
3 62 2 74
3 39 102 74
3 9 62 102
3 128 360 74
3 66 391 295
3 100 201 74
3 136 367 37
3 128 358 74
3 141 348 201
3 147 102 62
3 70 45 44
3 154 225 94
3 155 473 391
3 156 311 328
3 158 304 39
3 159 299 66
3 160 37 62
3 4 188 341
3 162 273 106
3 124 177 4
3 33 362 62
3 166 117 445
3 170 267 62
3 2 182 39
3 172 36 39
3 152 359 39
3 175 27 267
3 180 4 200
3 181 492 267
3 32 430 37
3 187 195 9
3 189 192 144
3 190 302 62
3 2 9 37
3 193 128 15
3 2 70 62
3 28 91 4
3 190 268 39
3 199 26 29
3 81 350 102
4 2 31 92 74
4 210 56 8 39
4 212 231 102 102
4 213 499 4 463
4 218 200 462 74
4 219 376 94 80
4 221 292 40 62
4 9 427 30 37
4 236 337 26 37
4 242 208 422 144
4 2 455 153 439
4 81 62 4 4
4 9 424 106 4
4 97 452 101 9
4 2 475 39 149
4 256 271 2 74
4 258 19 102 37
4 261 201 74 74
4 263 495 74 177
4 264 301 70 162
4 266 177 30 74
4 279 371 37 94
4 44 351 100 434
4 190 486 490 94
4 298 46 4 95
4 300 356 37 45
4 299 329 2 39
4 310 407 30 37
4 315 405 94 30
4 319 484 30 4
4 322 23 37 94
4 324 4 9 74
4 326 409 39 37
4 330 438 102 62
4 28 437 4 4
4 334 497 26 9
4 352 36 102 62
4 35 149 4 94
4 2 2 44 94
4 192 198 39 4
4 27 448 482 74
4 358 422 102 62
4 93 91 102 9
4 421 40 39 62
4 190 474 4 102
4 30 454 94 9
4 35 468 74 74
4 443 30 9
